2.076998296899326
1.239251072095199
0.8615778294448374
0.6427997541331658
0.5008013633813596
0.3851975903557049
0.2917662343454801
0.21815171207223708
0.15981245523928947
0.10902125324620018
0.0771781839633177
0.052564248780871625
0.03575990760476667
0.024158682002135636
0.017325374266048046
0.011897119902696983
0.009824374735961266
0.006745006137696857
0.005848509689023944
0.0049255838130744505
0.004036508610487076
0.0036629710302804597
0.0031271072844130244
0.0029715471756307206
0.0030653587429807167
0.0026626933882432763
0.0023400629137210094
0.0022556156560092472
0.0020114530261983446
0.0018932551965642206
0.0019605015127264337
0.001719013833198088
0.001644210860211553
0.0017442393400001906
0.001699968869657327
0.0015330790927443807
0.0014671986659433253
0.0013359486207525952
0.001234125191214127
0.0013662830931135625
0.0014455662072977607
0.0011641998323360288
0.0012440668704750185
0.001224870504660375
0.0015038840881171575
0.0012723534646421754
0.0010734128933542954
0.001183362942907534
0.0010590696013278748
0.0010708230303076891
