0.5219295649600474
0.6880733944954128
0.7757324652263984
0.8295945546019532
0.8689553122225511
0.9014501331754957
0.9298017164841669
0.9489197987570287
0.9666765315182007
0.9804675939627109
0.9883397454868305
0.9925421722403078
0.9956200059189109
0.9978100029594554
0.9983427049422906
0.9986386504883101
0.9990529742527375
0.9992897306895531
0.9992305415803492
0.9994672980171648
0.9993489197987571
0.9993489197987571
0.9993489197987571
0.999408108907961
0.9993489197987571
0.9993489197987571
0.999408108907961
0.9992305415803492
0.999408108907961
0.9995264871263687
0.9992305415803492
0.9994672980171648
0.9994672980171648
0.999408108907961
0.999408108907961
0.9994672980171648
0.9994672980171648
0.9994672980171648
0.9995264871263687
0.9992897306895531
0.9993489197987571
0.9995264871263687
0.9994672980171648
0.999408108907961
0.999408108907961
0.999408108907961
0.9995264871263687
0.9994672980171648
0.9995264871263687
0.9994672980171648
